!!SYSTEM_INI
NUM_CHANS=1
JEDEC_DATA_BUS_BITS=64
TRANS_QUEUE_DEPTH=64
CMD_QUEUE_DEPTH=24
FRFCFS=true
EPOCH_LENGTH=800000
USE_LOW_POWER=true
TOTAL_ROW_ACCESSES=32
ROW_BUFFER_POLICY=open_page
SCHEDULING_POLICY=rank_then_bank_round_robin
ADDRESS_MAPPING_SCHEME=scheme7
QUEUING_STRUCTURE=per_rank_per_bank
DEBUG_TRANS_Q=false
DEBUG_CMD_Q=false
DEBUG_ADDR_MAP=false
DEBUG_BANKSTATE=false
DEBUG_BUS=false
DEBUG_BANKS=false
DEBUG_POWER=false
VIS_FILE_OUTPUT=true
VERIFICATION_OUTPUT=false
NUM_RANKS=1
!!DEVICE_INI
NUM_BANKS=8
NUM_ROWS=262144
NUM_COLS=256
DEVICE_WIDTH=32
REFRESH_PERIOD=32000
tCK=1
CL=12
AL=0
BL=8
tRAS=42
tRCD=12
tRRD=12
tRC=60
tRP=12
tCCD=4
tRTP=7
tWTR=7
tWR=15
tRTRS=2
tRFC=130
tFAW=50
tCKE=7
tXP=7
tCMD=1
IDD0=110
IDD1=110
IDD2P=1
IDD2Q=1
IDD2N=20
IDD3Pf=10
IDD3Ps=10
IDD3N=32
IDD4W=320
IDD4R=300
IDD5=300
IDD6=2
IDD6L=2
IDD7=0
Vdd=1.2
!!EPOCH_DATA
ms,Background_Power[0][0],ACT_PRE_Power[0][0],Burst_Power[0][0],Refresh_Power[0][0],Bandwidth[0][0][0],Average_Latency[0][0][0],Bandwidth[0][0][1],Average_Latency[0][0][1],Bandwidth[0][0][2],Average_Latency[0][0][2],Bandwidth[0][0][3],Average_Latency[0][0][3],Bandwidth[0][0][4],Average_Latency[0][0][4],Bandwidth[0][0][5],Average_Latency[0][0][5],Bandwidth[0][0][6],Average_Latency[0][0][6],Bandwidth[0][0][7],Average_Latency[0][0][7],Rank_Aggregate_Bandwidth[0][0],Rank_Average_Bandwidth[0][0],Aggregate_Bandwidth[0],Average_Bandwidth[0],
2,0.0138639,0.0487642,0.0113795,0.0025921,0.0650287,53.7847,0.0264049,46.2734,0.0318885,68.0745,0.0252128,50.3598,0.0286698,54.1594,0.0232458,45.0698,0.0341535,72.3214,0.0260472,46.7188,0.260651,0.260651,0.260651,0.0325814,
3,0.0086733,0.0235948,0.00621677,0.0025921,0.0519753,256.655,0.0103116,55.1189,0.00983477,80.6047,0.0149012,227.37,0.0138283,220.856,0.00971556,52.8571,0.0133514,97.2597,0.018239,182.6,0.142157,0.142157,0.142157,0.0177696,
4,0.0739828,0.109995,0.613696,0.00267571,1.77568,833.414,1.77956,617.893,1.77562,446.581,1.7758,339.702,1.77532,492.477,1.78033,925.738,1.77515,319.919,1.77979,427.765,14.2173,14.2173,14.2173,1.77716,
5,0.0523395,0.208558,0.393515,0.0025921,1.176,834.276,1.13481,458.643,1.1341,418.825,1.13529,451.555,1.1341,396.037,1.13183,366.222,1.13505,427.684,1.13302,335.41,9.11421,9.11421,9.11421,1.13928,
6,0.0118941,0.0420782,0.0100744,0.0025921,0.0647306,101.302,0.0244379,47.7802,0.0240803,46.5494,0.025034,50.6526,0.025332,48.1283,0.0212193,45.3885,0.0227094,47.4769,0.0234246,44.1538,0.230968,0.230968,0.230968,0.028871,
7,0.0327087,0.180874,0.170354,0.0025921,0.45985,213.948,0.45985,213.328,0.459731,164.906,0.45985,167.796,0.459909,92.0417,0.45985,164.714,0.45985,166.901,0.45985,167.078,3.67874,3.67874,3.67874,0.459842,
8,0.0572702,0.364356,0.282774,0.00267571,0.763655,216.662,0.763655,217.186,0.763714,169.067,0.763595,167.298,0.763595,92.8015,0.763655,169,0.763655,167.629,0.763655,168.021,6.10918,6.10918,6.10918,0.763647,
9,0.057245,0.364509,0.282757,0.0025921,0.763416,216.193,0.763655,216.108,0.763655,167.93,0.763655,167.601,0.763714,93.3008,0.763416,168.845,0.763535,168.381,0.763416,168.021,6.10846,6.10846,6.10846,0.763558,
10,0.0572606,0.364392,0.282732,0.0025921,0.763655,216.763,0.763416,217.144,0.763416,167.008,0.763416,167.291,0.763416,93.7629,0.763714,168.308,0.763595,169.013,0.763655,168.43,6.10828,6.10828,6.10828,0.763535,
11,0.0259837,0.155799,0.121189,0.0025921,0.327289,217.613,0.327289,215.067,0.327229,167.549,0.327229,169.537,0.327229,92.3457,0.327229,167.241,0.327229,167.543,0.327289,167.301,2.61801,2.61801,2.61801,0.327252,
12,0.00271972,0,0,0.00267571,0,-nan,0,-nan,0,-nan,0,-nan,0,-nan,0,-nan,0,-nan,0,-nan,0,0,0,0,
