!!SYSTEM_INI
NUM_CHANS=1
JEDEC_DATA_BUS_BITS=64
TRANS_QUEUE_DEPTH=64
CMD_QUEUE_DEPTH=24
FRFCFS=true
EPOCH_LENGTH=800000
USE_LOW_POWER=true
TOTAL_ROW_ACCESSES=32
ROW_BUFFER_POLICY=open_page
SCHEDULING_POLICY=rank_then_bank_round_robin
ADDRESS_MAPPING_SCHEME=scheme7
QUEUING_STRUCTURE=per_rank_per_bank
DEBUG_TRANS_Q=false
DEBUG_CMD_Q=false
DEBUG_ADDR_MAP=false
DEBUG_BANKSTATE=false
DEBUG_BUS=false
DEBUG_BANKS=false
DEBUG_POWER=false
VIS_FILE_OUTPUT=true
VERIFICATION_OUTPUT=false
NUM_RANKS=1
!!DEVICE_INI
NUM_BANKS=8
NUM_ROWS=262144
NUM_COLS=512
DEVICE_WIDTH=32
REFRESH_PERIOD=32000
tCK=1
CL=12
AL=0
BL=8
tRAS=42
tRCD=12
tRRD=12
tRC=60
tRP=12
tCCD=4
tRTP=7
tWTR=7
tWR=15
tRTRS=2
tRFC=130
tFAW=50
tCKE=7
tXP=7
tCMD=1
IDD0=110
IDD1=110
IDD2P=1
IDD2Q=1
IDD2N=20
IDD3Pf=10
IDD3Ps=10
IDD3N=32
IDD4W=320
IDD4R=300
IDD5=300
IDD6=2
IDD6L=2
IDD7=0
Vdd=1.2
!!EPOCH_DATA
ms,Background_Power[0][0],ACT_PRE_Power[0][0],Burst_Power[0][0],Refresh_Power[0][0],Bandwidth[0][0][0],Average_Latency[0][0][0],Bandwidth[0][0][1],Average_Latency[0][0][1],Bandwidth[0][0][2],Average_Latency[0][0][2],Bandwidth[0][0][3],Average_Latency[0][0][3],Bandwidth[0][0][4],Average_Latency[0][0][4],Bandwidth[0][0][5],Average_Latency[0][0][5],Bandwidth[0][0][6],Average_Latency[0][0][6],Bandwidth[0][0][7],Average_Latency[0][0][7],Rank_Aggregate_Bandwidth[0][0],Rank_Average_Bandwidth[0][0],Aggregate_Bandwidth[0],Average_Bandwidth[0],
2,0.0138006,0.0483529,0.0113201,0.0025921,0.0647902,54.068,0.026226,46.3543,0.0317097,66.0728,0.025034,50.912,0.028491,54.1721,0.0231266,45.3528,0.033915,68.312,0.0259876,46.5505,0.25928,0.25928,0.25928,0.03241,
3,0.00865699,0.0235008,0.00621677,0.0025921,0.0519753,256.156,0.0103116,54.2657,0.00983477,80.3178,0.0149012,227.886,0.0138283,218.492,0.00971556,53.246,0.0133514,94.2652,0.018239,182.713,0.142157,0.142157,0.142157,0.0177696,
4,0.0740355,0.112534,0.6142,0.00267571,1.77848,950.961,1.78099,555.048,1.77515,380.956,1.77717,244.11,1.77699,596.821,1.782,889.971,1.77675,275.054,1.78146,450.152,14.229,14.229,14.229,1.77862,
5,0.052249,0.204398,0.392891,0.0025921,1.17254,937.658,1.13314,403.487,1.1344,408.337,1.1335,429.882,1.13207,397.19,1.12981,351.545,1.1332,420.311,1.13106,342.181,9.09972,9.09972,9.09972,1.13747,
6,0.0119662,0.04256,0.0101932,0.0025921,0.0653863,100.252,0.0246763,47.6712,0.0242591,46.9046,0.0254512,50.7571,0.0256896,47.9923,0.0215769,44.825,0.0229478,47.372,0.0237226,43.7887,0.23371,0.23371,0.23371,0.0292137,
7,0.0321546,0.171626,0.169974,0.0025921,0.458837,212.115,0.458837,213.859,0.458777,168.068,0.458777,166.063,0.458896,128.984,0.458896,164.688,0.458837,165.183,0.458837,165.602,3.67069,3.67069,3.67069,0.458837,
8,0.0562331,0.346308,0.282779,0.00267571,0.763655,217.312,0.763655,216.799,0.763655,167.322,0.763655,167.526,0.763655,129.742,0.763655,168.959,0.763714,168.913,0.763416,168.16,6.10906,6.10906,6.10906,0.763632,
9,0.0562304,0.346155,0.282718,0.0025921,0.763476,216.468,0.763416,216.528,0.763476,167.418,0.763416,167.379,0.763416,130.647,0.763416,167.794,0.763416,168.477,0.763714,168.27,6.10775,6.10775,6.10775,0.763468,
10,0.0562331,0.346284,0.282782,0.0025921,0.763655,217.17,0.763714,215.997,0.763655,167.609,0.763655,168.082,0.763655,131.235,0.763655,168.294,0.763655,167.747,0.763655,167.974,6.1093,6.1093,6.1093,0.763662,
11,0.0256362,0.148631,0.121553,0.0025921,0.328243,216.988,0.328243,217.264,0.328183,169.284,0.328243,167.387,0.328243,129.62,0.328243,167.497,0.328243,167.865,0.328243,169.718,2.62588,2.62588,2.62588,0.328235,
12,0.00271972,0,0,0.00267571,0,-nan,0,-nan,0,-nan,0,-nan,0,-nan,0,-nan,0,-nan,0,-nan,0,0,0,0,
13,0.0713466,0.0886568,0.591412,0.0025921,1.71304,451.345,1.71292,426.876,1.71328,605.811,1.71268,713.561,1.71351,516.152,1.71345,260.338,1.71083,1205.82,1.71143,527.932,13.7011,13.7011,13.7011,1.71264,
14,0.0501552,0.0613723,0.408893,0.0025921,1.18375,211.528,1.18387,530.6,1.18351,560.161,1.18411,538.171,1.18327,362.784,1.18333,426.412,1.18595,558.695,1.18536,1465.24,9.47315,9.47315,9.47315,1.18414,
